===C P U===
IC - 15

C - 0

TTC - 15

LLC - 4

SI - 0

PI - 0

TI - 0

PTR - 30

===ENDCPU===

===P C B===
JID - 202
TTL - 25
TLL - 4
===ENDPCB===

===  I R  ===
| P D 6 0 |
====END IR===

===  R R  ===
| * 0 0 0 |
====END RR===

====MEMORY====
  0| 0 0 0 0 |
  1| 0 0 0 0 |
  2| 0 0 0 0 |
  3| 0 0 0 0 |
  4| 0 0 0 0 |
  5| 0 0 0 0 |
  6| 0 0 0 0 |
  7| 0 0 0 0 |
  8| 0 0 0 0 |
  9| 0 0 0 0 |
 10| 0 0 0 0 |
 11| 0 0 0 0 |
 12| 0 0 0 0 |
 13| 0 0 0 0 |
 14| 0 0 0 0 |
 15| 0 0 0 0 |
 16| 0 0 0 0 |
 17| 0 0 0 0 |
 18| 0 0 0 0 |
 19| 0 0 0 0 |
 20| 0 0 0 0 |
 21| 0 0 0 0 |
 22| 0 0 0 0 |
 23| 0 0 0 0 |
 24| 0 0 0 0 |
 25| 0 0 0 0 |
 26| 0 0 0 0 |
 27| 0 0 0 0 |
 28| 0 0 0 0 |
 29| 0 0 0 0 |
 30| 1 0 1 3 |
 31| 1 0 1 8 |
 32| 1 0 2 2 |
 33| 1 0 2 0 |
 34| 1 0 1 1 |
 35| 1 0 0 5 |
 36| 1 0 1 7 |
 37| 0 0 * * |
 38| 0 0 * * |
 39| 0 0 * * |
 40| 0 0 0 0 |
 41| 0 0 0 0 |
 42| 0 0 0 0 |
 43| 0 0 0 0 |
 44| 0 0 0 0 |
 45| 0 0 0 0 |
 46| 0 0 0 0 |
 47| 0 0 0 0 |
 48| 0 0 0 0 |
 49| 0 0 0 0 |
 50| * 0 0 0 |
 51| * 0 0 0 |
 52| 0 0 0 0 |
 53| 0 0 0 0 |
 54| 0 0 0 0 |
 55| 0 0 0 0 |
 56| 0 0 0 0 |
 57| 0 0 0 0 |
 58| 0 0 0 0 |
 59| 0 0 0 0 |
 60| 0 0 0 0 |
 61| 0 0 0 0 |
 62| 0 0 0 0 |
 63| 0 0 0 0 |
 64| 0 0 0 0 |
 65| 0 0 0 0 |
 66| 0 0 0 0 |
 67| 0 0 0 0 |
 68| 0 0 0 0 |
 69| 0 0 0 0 |
 70| 0 0 0 0 |
 71| 0 0 0 0 |
 72| 0 0 0 0 |
 73| 0 0 0 0 |
 74| 0 0 0 0 |
 75| 0 0 0 0 |
 76| 0 0 0 0 |
 77| 0 0 0 0 |
 78| 0 0 0 0 |
 79| 0 0 0 0 |
 80| 0 0 0 0 |
 81| 0 0 0 0 |
 82| 0 0 0 0 |
 83| 0 0 0 0 |
 84| 0 0 0 0 |
 85| 0 0 0 0 |
 86| 0 0 0 0 |
 87| 0 0 0 0 |
 88| 0 0 0 0 |
 89| 0 0 0 0 |
 90| 0 0 0 0 |
 91| 0 0 0 0 |
 92| 0 0 0 0 |
 93| 0 0 0 0 |
 94| 0 0 0 0 |
 95| 0 0 0 0 |
 96| 0 0 0 0 |
 97| 0 0 0 0 |
 98| 0 0 0 0 |
 99| 0 0 0 0 |
100| 0 0 0 0 |
101| 0 0 0 0 |
102| 0 0 0 0 |
103| 0 0 0 0 |
104| 0 0 0 0 |
105| 0 0 0 0 |
106| 0 0 0 0 |
107| 0 0 0 0 |
108| 0 0 0 0 |
109| 0 0 0 0 |
110| * 0 0 0 |
111| * 0 0 0 |
112| * 0 0 0 |
113| 0 0 0 0 |
114| 0 0 0 0 |
115| 0 0 0 0 |
116| 0 0 0 0 |
117| 0 0 0 0 |
118| 0 0 0 0 |
119| 0 0 0 0 |
120| 0 0 0 0 |
121| 0 0 0 0 |
122| 0 0 0 0 |
123| 0 0 0 0 |
124| 0 0 0 0 |
125| 0 0 0 0 |
126| 0 0 0 0 |
127| 0 0 0 0 |
128| 0 0 0 0 |
129| 0 0 0 0 |
130| G D 2 0 |
131| P D 2 0 |
132| L R 2 0 |
133| S R 3 0 |
134| S R 3 1 |
135| P D 3 0 |
136| S R 4 0 |
137| S R 4 1 |
138| S R 4 2 |
139| P D 4 0 |
140| 0 0 0 0 |
141| 0 0 0 0 |
142| 0 0 0 0 |
143| 0 0 0 0 |
144| 0 0 0 0 |
145| 0 0 0 0 |
146| 0 0 0 0 |
147| 0 0 0 0 |
148| 0 0 0 0 |
149| 0 0 0 0 |
150| 0 0 0 0 |
151| 0 0 0 0 |
152| 0 0 0 0 |
153| 0 0 0 0 |
154| 0 0 0 0 |
155| 0 0 0 0 |
156| 0 0 0 0 |
157| 0 0 0 0 |
158| 0 0 0 0 |
159| 0 0 0 0 |
160| 0 0 0 0 |
161| 0 0 0 0 |
162| 0 0 0 0 |
163| 0 0 0 0 |
164| 0 0 0 0 |
165| 0 0 0 0 |
166| 0 0 0 0 |
167| 0 0 0 0 |
168| 0 0 0 0 |
169| 0 0 0 0 |
170| * 0 0 0 |
171| 0 0 0 0 |
172| 0 0 0 0 |
173| 0 0 0 0 |
174| 0 0 0 0 |
175| 0 0 0 0 |
176| 0 0 0 0 |
177| 0 0 0 0 |
178| 0 0 0 0 |
179| 0 0 0 0 |
180| S R 5 0 |
181| S R 5 1 |
182| P D 5 0 |
183| S R 6 0 |
184| P D 6 0 |
185| H     0 |
186| 0 0 0 0 |
187| 0 0 0 0 |
188| 0 0 0 0 |
189| 0 0 0 0 |
190| 0 0 0 0 |
191| 0 0 0 0 |
192| 0 0 0 0 |
193| 0 0 0 0 |
194| 0 0 0 0 |
195| 0 0 0 0 |
196| 0 0 0 0 |
197| 0 0 0 0 |
198| 0 0 0 0 |
199| 0 0 0 0 |
200| * 0 0 0 |
201| * 0 0 0 |
202| 0 0 0 0 |
203| 0 0 0 0 |
204| 0 0 0 0 |
205| 0 0 0 0 |
206| 0 0 0 0 |
207| 0 0 0 0 |
208| 0 0 0 0 |
209| 0 0 0 0 |
210| 0 0 0 0 |
211| 0 0 0 0 |
212| 0 0 0 0 |
213| 0 0 0 0 |
214| 0 0 0 0 |
215| 0 0 0 0 |
216| 0 0 0 0 |
217| 0 0 0 0 |
218| 0 0 0 0 |
219| 0 0 0 0 |
220| * 0 0 0 |
221| 0 0 0 0 |
222| 0 0 0 0 |
223| 0 0 0 0 |
224| 0 0 0 0 |
225| 0 0 0 0 |
226| 0 0 0 0 |
227| 0 0 0 0 |
228| 0 0 0 0 |
229| 0 0 0 0 |
230| 0 0 0 0 |
231| 0 0 0 0 |
232| 0 0 0 0 |
233| 0 0 0 0 |
234| 0 0 0 0 |
235| 0 0 0 0 |
236| 0 0 0 0 |
237| 0 0 0 0 |
238| 0 0 0 0 |
239| 0 0 0 0 |
240| 0 0 0 0 |
241| 0 0 0 0 |
242| 0 0 0 0 |
243| 0 0 0 0 |
244| 0 0 0 0 |
245| 0 0 0 0 |
246| 0 0 0 0 |
247| 0 0 0 0 |
248| 0 0 0 0 |
249| 0 0 0 0 |
250| 0 0 0 0 |
251| 0 0 0 0 |
252| 0 0 0 0 |
253| 0 0 0 0 |
254| 0 0 0 0 |
255| 0 0 0 0 |
256| 0 0 0 0 |
257| 0 0 0 0 |
258| 0 0 0 0 |
259| 0 0 0 0 |
260| 0 0 0 0 |
261| 0 0 0 0 |
262| 0 0 0 0 |
263| 0 0 0 0 |
264| 0 0 0 0 |
265| 0 0 0 0 |
266| 0 0 0 0 |
267| 0 0 0 0 |
268| 0 0 0 0 |
269| 0 0 0 0 |
270| 0 0 0 0 |
271| 0 0 0 0 |
272| 0 0 0 0 |
273| 0 0 0 0 |
274| 0 0 0 0 |
275| 0 0 0 0 |
276| 0 0 0 0 |
277| 0 0 0 0 |
278| 0 0 0 0 |
279| 0 0 0 0 |
280| 0 0 0 0 |
281| 0 0 0 0 |
282| 0 0 0 0 |
283| 0 0 0 0 |
284| 0 0 0 0 |
285| 0 0 0 0 |
286| 0 0 0 0 |
287| 0 0 0 0 |
288| 0 0 0 0 |
289| 0 0 0 0 |
290| 0 0 0 0 |
291| 0 0 0 0 |
292| 0 0 0 0 |
293| 0 0 0 0 |
294| 0 0 0 0 |
295| 0 0 0 0 |
296| 0 0 0 0 |
297| 0 0 0 0 |
298| 0 0 0 0 |
299| 0 0 0 0 |
===ENDMEMORY==



===C P U===
IC - 10

C - 0

TTC - 10

LLC - 2

SI - 0

PI - 0

TI - 0

PTR - 20

===ENDCPU===

===P C B===
JID - 302
TTL - 10
TLL - 2
===ENDPCB===

===  I R  ===
| H 0 0 0 |
====END IR===

===  R R  ===
| R A T 0 |
====END RR===

====MEMORY====
  0| 0 0 0 0 |
  1| 0 0 0 0 |
  2| 0 0 0 0 |
  3| 0 0 0 0 |
  4| 0 0 0 0 |
  5| 0 0 0 0 |
  6| 0 0 0 0 |
  7| 0 0 0 0 |
  8| 0 0 0 0 |
  9| 0 0 0 0 |
 10| 0 0 0 0 |
 11| 0 0 0 0 |
 12| 0 0 0 0 |
 13| 0 0 0 0 |
 14| 0 0 0 0 |
 15| 0 0 0 0 |
 16| 0 0 0 0 |
 17| 0 0 0 0 |
 18| 0 0 0 0 |
 19| 0 0 0 0 |
 20| 1 0 0 6 |
 21| 0 0 * * |
 22| 1 0 2 3 |
 23| 1 0 1 6 |
 24| 1 0 0 3 |
 25| 0 0 * * |
 26| 0 0 * * |
 27| 0 0 * * |
 28| 0 0 * * |
 29| 0 0 * * |
 30| R A T 0 |
 31| 0 0 0 0 |
 32| 0 0 0 0 |
 33| 0 0 0 0 |
 34| 0 0 0 0 |
 35| 0 0 0 0 |
 36| 0 0 0 0 |
 37| 0 0 0 0 |
 38| 0 0 0 0 |
 39| 0 0 0 0 |
 40| 0 0 0 0 |
 41| 0 0 0 0 |
 42| 0 0 0 0 |
 43| 0 0 0 0 |
 44| 0 0 0 0 |
 45| 0 0 0 0 |
 46| 0 0 0 0 |
 47| 0 0 0 0 |
 48| 0 0 0 0 |
 49| 0 0 0 0 |
 50| 0 0 0 0 |
 51| 0 0 0 0 |
 52| 0 0 0 0 |
 53| 0 0 0 0 |
 54| 0 0 0 0 |
 55| 0 0 0 0 |
 56| 0 0 0 0 |
 57| 0 0 0 0 |
 58| 0 0 0 0 |
 59| 0 0 0 0 |
 60| G D 2 0 |
 61| G D 3 0 |
 62| L R 3 1 |
 63| S R 2 2 |
 64| L R 3 2 |
 65| S R 2 3 |
 66| P D 2 0 |
 67| S R 4 0 |
 68| P D 4 0 |
 69| H 0 0 0 |
 70| 0 0 0 0 |
 71| 0 0 0 0 |
 72| 0 0 0 0 |
 73| 0 0 0 0 |
 74| 0 0 0 0 |
 75| 0 0 0 0 |
 76| 0 0 0 0 |
 77| 0 0 0 0 |
 78| 0 0 0 0 |
 79| 0 0 0 0 |
 80| 0 0 0 0 |
 81| 0 0 0 0 |
 82| 0 0 0 0 |
 83| 0 0 0 0 |
 84| 0 0 0 0 |
 85| 0 0 0 0 |
 86| 0 0 0 0 |
 87| 0 0 0 0 |
 88| 0 0 0 0 |
 89| 0 0 0 0 |
 90| 0 0 0 0 |
 91| 0 0 0 0 |
 92| 0 0 0 0 |
 93| 0 0 0 0 |
 94| 0 0 0 0 |
 95| 0 0 0 0 |
 96| 0 0 0 0 |
 97| 0 0 0 0 |
 98| 0 0 0 0 |
 99| 0 0 0 0 |
100| 0 0 0 0 |
101| 0 0 0 0 |
102| 0 0 0 0 |
103| 0 0 0 0 |
104| 0 0 0 0 |
105| 0 0 0 0 |
106| 0 0 0 0 |
107| 0 0 0 0 |
108| 0 0 0 0 |
109| 0 0 0 0 |
110| 0 0 0 0 |
111| 0 0 0 0 |
112| 0 0 0 0 |
113| 0 0 0 0 |
114| 0 0 0 0 |
115| 0 0 0 0 |
116| 0 0 0 0 |
117| 0 0 0 0 |
118| 0 0 0 0 |
119| 0 0 0 0 |
120| 0 0 0 0 |
121| 0 0 0 0 |
122| 0 0 0 0 |
123| 0 0 0 0 |
124| 0 0 0 0 |
125| 0 0 0 0 |
126| 0 0 0 0 |
127| 0 0 0 0 |
128| 0 0 0 0 |
129| 0 0 0 0 |
130| 0 0 0 0 |
131| 0 0 0 0 |
132| 0 0 0 0 |
133| 0 0 0 0 |
134| 0 0 0 0 |
135| 0 0 0 0 |
136| 0 0 0 0 |
137| 0 0 0 0 |
138| 0 0 0 0 |
139| 0 0 0 0 |
140| 0 0 0 0 |
141| 0 0 0 0 |
142| 0 0 0 0 |
143| 0 0 0 0 |
144| 0 0 0 0 |
145| 0 0 0 0 |
146| 0 0 0 0 |
147| 0 0 0 0 |
148| 0 0 0 0 |
149| 0 0 0 0 |
150| 0 0 0 0 |
151| 0 0 0 0 |
152| 0 0 0 0 |
153| 0 0 0 0 |
154| 0 0 0 0 |
155| 0 0 0 0 |
156| 0 0 0 0 |
157| 0 0 0 0 |
158| 0 0 0 0 |
159| 0 0 0 0 |
160|         |
161| E A T   |
162| R A T 0 |
163| 0 0 0 0 |
164| 0 0 0 0 |
165| 0 0 0 0 |
166| 0 0 0 0 |
167| 0 0 0 0 |
168| 0 0 0 0 |
169| 0 0 0 0 |
170| 0 0 0 0 |
171| 0 0 0 0 |
172| 0 0 0 0 |
173| 0 0 0 0 |
174| 0 0 0 0 |
175| 0 0 0 0 |
176| 0 0 0 0 |
177| 0 0 0 0 |
178| 0 0 0 0 |
179| 0 0 0 0 |
180| 0 0 0 0 |
181| 0 0 0 0 |
182| 0 0 0 0 |
183| 0 0 0 0 |
184| 0 0 0 0 |
185| 0 0 0 0 |
186| 0 0 0 0 |
187| 0 0 0 0 |
188| 0 0 0 0 |
189| 0 0 0 0 |
190| 0 0 0 0 |
191| 0 0 0 0 |
192| 0 0 0 0 |
193| 0 0 0 0 |
194| 0 0 0 0 |
195| 0 0 0 0 |
196| 0 0 0 0 |
197| 0 0 0 0 |
198| 0 0 0 0 |
199| 0 0 0 0 |
200| 0 0 0 0 |
201| 0 0 0 0 |
202| 0 0 0 0 |
203| 0 0 0 0 |
204| 0 0 0 0 |
205| 0 0 0 0 |
206| 0 0 0 0 |
207| 0 0 0 0 |
208| 0 0 0 0 |
209| 0 0 0 0 |
210| 0 0 0 0 |
211| 0 0 0 0 |
212| 0 0 0 0 |
213| 0 0 0 0 |
214| 0 0 0 0 |
215| 0 0 0 0 |
216| 0 0 0 0 |
217| 0 0 0 0 |
218| 0 0 0 0 |
219| 0 0 0 0 |
220| 0 0 0 0 |
221| 0 0 0 0 |
222| 0 0 0 0 |
223| 0 0 0 0 |
224| 0 0 0 0 |
225| 0 0 0 0 |
226| 0 0 0 0 |
227| 0 0 0 0 |
228| 0 0 0 0 |
229| 0 0 0 0 |
230| C A T   |
231| C A N 0 |
232| E A T   |
233| R A T 0 |
234| 0 0 0 0 |
235| 0 0 0 0 |
236| 0 0 0 0 |
237| 0 0 0 0 |
238| 0 0 0 0 |
239| 0 0 0 0 |
240| 0 0 0 0 |
241| 0 0 0 0 |
242| 0 0 0 0 |
243| 0 0 0 0 |
244| 0 0 0 0 |
245| 0 0 0 0 |
246| 0 0 0 0 |
247| 0 0 0 0 |
248| 0 0 0 0 |
249| 0 0 0 0 |
250| 0 0 0 0 |
251| 0 0 0 0 |
252| 0 0 0 0 |
253| 0 0 0 0 |
254| 0 0 0 0 |
255| 0 0 0 0 |
256| 0 0 0 0 |
257| 0 0 0 0 |
258| 0 0 0 0 |
259| 0 0 0 0 |
260| 0 0 0 0 |
261| 0 0 0 0 |
262| 0 0 0 0 |
263| 0 0 0 0 |
264| 0 0 0 0 |
265| 0 0 0 0 |
266| 0 0 0 0 |
267| 0 0 0 0 |
268| 0 0 0 0 |
269| 0 0 0 0 |
270| 0 0 0 0 |
271| 0 0 0 0 |
272| 0 0 0 0 |
273| 0 0 0 0 |
274| 0 0 0 0 |
275| 0 0 0 0 |
276| 0 0 0 0 |
277| 0 0 0 0 |
278| 0 0 0 0 |
279| 0 0 0 0 |
280| 0 0 0 0 |
281| 0 0 0 0 |
282| 0 0 0 0 |
283| 0 0 0 0 |
284| 0 0 0 0 |
285| 0 0 0 0 |
286| 0 0 0 0 |
287| 0 0 0 0 |
288| 0 0 0 0 |
289| 0 0 0 0 |
290| 0 0 0 0 |
291| 0 0 0 0 |
292| 0 0 0 0 |
293| 0 0 0 0 |
294| 0 0 0 0 |
295| 0 0 0 0 |
296| 0 0 0 0 |
297| 0 0 0 0 |
298| 0 0 0 0 |
299| 0 0 0 0 |
===ENDMEMORY==



===C P U===
IC - 2

C - 0

TTC - 1

LLC - 0

SI - 0

PI - 3

TI - 0

PTR - 270

===ENDCPU===

===P C B===
JID - 102
TTL - 7
TLL - 2
===ENDPCB===

===  I R  ===
| L R 3 6 |
====END IR===

===  R R  ===
| 0 0 0 0 |
====END RR===

====MEMORY====
  0| 0 0 0 0 |
  1| 0 0 0 0 |
  2| 0 0 0 0 |
  3| 0 0 0 0 |
  4| 0 0 0 0 |
  5| 0 0 0 0 |
  6| 0 0 0 0 |
  7| 0 0 0 0 |
  8| 0 0 0 0 |
  9| 0 0 0 0 |
 10| 0 0 0 0 |
 11| 0 0 0 0 |
 12| 0 0 0 0 |
 13| 0 0 0 0 |
 14| 0 0 0 0 |
 15| 0 0 0 0 |
 16| 0 0 0 0 |
 17| 0 0 0 0 |
 18| 0 0 0 0 |
 19| 0 0 0 0 |
 20| R A M   |
 21|   I S   |
 22| O L D E |
 23| R   T H |
 24| A N     |
 25| S H R I |
 26| R A M 0 |
 27| 0 0 0 0 |
 28| 0 0 0 0 |
 29| 0 0 0 0 |
 30| 0 0 0 0 |
 31| 0 0 0 0 |
 32| 0 0 0 0 |
 33| 0 0 0 0 |
 34| 0 0 0 0 |
 35| 0 0 0 0 |
 36| 0 0 0 0 |
 37| 0 0 0 0 |
 38| 0 0 0 0 |
 39| 0 0 0 0 |
 40| 0 0 0 0 |
 41| 0 0 0 0 |
 42| 0 0 0 0 |
 43| 0 0 0 0 |
 44| 0 0 0 0 |
 45| 0 0 0 0 |
 46| 0 0 0 0 |
 47| 0 0 0 0 |
 48| 0 0 0 0 |
 49| 0 0 0 0 |
 50| 0 0 0 0 |
 51| 0 0 0 0 |
 52| 0 0 0 0 |
 53| 0 0 0 0 |
 54| 0 0 0 0 |
 55| 0 0 0 0 |
 56| 0 0 0 0 |
 57| 0 0 0 0 |
 58| 0 0 0 0 |
 59| 0 0 0 0 |
 60| 0 0 0 0 |
 61| 0 0 0 0 |
 62| 0 0 0 0 |
 63| 0 0 0 0 |
 64| 0 0 0 0 |
 65| 0 0 0 0 |
 66| 0 0 0 0 |
 67| 0 0 0 0 |
 68| 0 0 0 0 |
 69| 0 0 0 0 |
 70| 0 0 0 0 |
 71| 0 0 0 0 |
 72| 0 0 0 0 |
 73| 0 0 0 0 |
 74| 0 0 0 0 |
 75| 0 0 0 0 |
 76| 0 0 0 0 |
 77| 0 0 0 0 |
 78| 0 0 0 0 |
 79| 0 0 0 0 |
 80| 0 0 0 0 |
 81| 0 0 0 0 |
 82| 0 0 0 0 |
 83| 0 0 0 0 |
 84| 0 0 0 0 |
 85| 0 0 0 0 |
 86| 0 0 0 0 |
 87| 0 0 0 0 |
 88| 0 0 0 0 |
 89| 0 0 0 0 |
 90| 0 0 0 0 |
 91| 0 0 0 0 |
 92| 0 0 0 0 |
 93| 0 0 0 0 |
 94| 0 0 0 0 |
 95| 0 0 0 0 |
 96| 0 0 0 0 |
 97| 0 0 0 0 |
 98| 0 0 0 0 |
 99| 0 0 0 0 |
100| 0 0 0 0 |
101| 0 0 0 0 |
102| 0 0 0 0 |
103| 0 0 0 0 |
104| 0 0 0 0 |
105| 0 0 0 0 |
106| 0 0 0 0 |
107| 0 0 0 0 |
108| 0 0 0 0 |
109| 0 0 0 0 |
110| G D 2 0 |
111| L R 3 6 |
112| C R 2 0 |
113| B T 0 6 |
114| G D 3 0 |
115| P D 3 0 |
116| P D 2 0 |
117| H 0 0 0 |
118| 0 0 0 0 |
119| 0 0 0 0 |
120| 0 0 0 0 |
121| 0 0 0 0 |
122| 0 0 0 0 |
123| 0 0 0 0 |
124| 0 0 0 0 |
125| 0 0 0 0 |
126| 0 0 0 0 |
127| 0 0 0 0 |
128| 0 0 0 0 |
129| 0 0 0 0 |
130| 0 0 0 0 |
131| 0 0 0 0 |
132| 0 0 0 0 |
133| 0 0 0 0 |
134| 0 0 0 0 |
135| 0 0 0 0 |
136| 0 0 0 0 |
137| 0 0 0 0 |
138| 0 0 0 0 |
139| 0 0 0 0 |
140| 0 0 0 0 |
141| 0 0 0 0 |
142| 0 0 0 0 |
143| 0 0 0 0 |
144| 0 0 0 0 |
145| 0 0 0 0 |
146| 0 0 0 0 |
147| 0 0 0 0 |
148| 0 0 0 0 |
149| 0 0 0 0 |
150| 0 0 0 0 |
151| 0 0 0 0 |
152| 0 0 0 0 |
153| 0 0 0 0 |
154| 0 0 0 0 |
155| 0 0 0 0 |
156| 0 0 0 0 |
157| 0 0 0 0 |
158| 0 0 0 0 |
159| 0 0 0 0 |
160| 0 0 0 0 |
161| 0 0 0 0 |
162| 0 0 0 0 |
163| 0 0 0 0 |
164| 0 0 0 0 |
165| 0 0 0 0 |
166| 0 0 0 0 |
167| 0 0 0 0 |
168| 0 0 0 0 |
169| 0 0 0 0 |
170| 0 0 0 0 |
171| 0 0 0 0 |
172| 0 0 0 0 |
173| 0 0 0 0 |
174| 0 0 0 0 |
175| 0 0 0 0 |
176| 0 0 0 0 |
177| 0 0 0 0 |
178| 0 0 0 0 |
179| 0 0 0 0 |
180| 0 0 0 0 |
181| 0 0 0 0 |
182| 0 0 0 0 |
183| 0 0 0 0 |
184| 0 0 0 0 |
185| 0 0 0 0 |
186| 0 0 0 0 |
187| 0 0 0 0 |
188| 0 0 0 0 |
189| 0 0 0 0 |
190| 0 0 0 0 |
191| 0 0 0 0 |
192| 0 0 0 0 |
193| 0 0 0 0 |
194| 0 0 0 0 |
195| 0 0 0 0 |
196| 0 0 0 0 |
197| 0 0 0 0 |
198| 0 0 0 0 |
199| 0 0 0 0 |
200| 0 0 0 0 |
201| 0 0 0 0 |
202| 0 0 0 0 |
203| 0 0 0 0 |
204| 0 0 0 0 |
205| 0 0 0 0 |
206| 0 0 0 0 |
207| 0 0 0 0 |
208| 0 0 0 0 |
209| 0 0 0 0 |
210| 0 0 0 0 |
211| 0 0 0 0 |
212| 0 0 0 0 |
213| 0 0 0 0 |
214| 0 0 0 0 |
215| 0 0 0 0 |
216| 0 0 0 0 |
217| 0 0 0 0 |
218| 0 0 0 0 |
219| 0 0 0 0 |
220| 0 0 0 0 |
221| 0 0 0 0 |
222| 0 0 0 0 |
223| 0 0 0 0 |
224| 0 0 0 0 |
225| 0 0 0 0 |
226| 0 0 0 0 |
227| 0 0 0 0 |
228| 0 0 0 0 |
229| 0 0 0 0 |
230| 0 0 0 0 |
231| 0 0 0 0 |
232| 0 0 0 0 |
233| 0 0 0 0 |
234| 0 0 0 0 |
235| 0 0 0 0 |
236| 0 0 0 0 |
237| 0 0 0 0 |
238| 0 0 0 0 |
239| 0 0 0 0 |
240| 0 0 0 0 |
241| 0 0 0 0 |
242| 0 0 0 0 |
243| 0 0 0 0 |
244| 0 0 0 0 |
245| 0 0 0 0 |
246| 0 0 0 0 |
247| 0 0 0 0 |
248| 0 0 0 0 |
249| 0 0 0 0 |
250| 0 0 0 0 |
251| 0 0 0 0 |
252| 0 0 0 0 |
253| 0 0 0 0 |
254| 0 0 0 0 |
255| 0 0 0 0 |
256| 0 0 0 0 |
257| 0 0 0 0 |
258| 0 0 0 0 |
259| 0 0 0 0 |
260| 0 0 0 0 |
261| 0 0 0 0 |
262| 0 0 0 0 |
263| 0 0 0 0 |
264| 0 0 0 0 |
265| 0 0 0 0 |
266| 0 0 0 0 |
267| 0 0 0 0 |
268| 0 0 0 0 |
269| 0 0 0 0 |
270| 1 0 1 1 |
271| 0 0 * * |
272| 1 0 0 2 |
273| 0 0 * * |
274| 0 0 * * |
275| 0 0 * * |
276| 0 0 * * |
277| 0 0 * * |
278| 0 0 * * |
279| 0 0 * * |
280| 0 0 0 0 |
281| 0 0 0 0 |
282| 0 0 0 0 |
283| 0 0 0 0 |
284| 0 0 0 0 |
285| 0 0 0 0 |
286| 0 0 0 0 |
287| 0 0 0 0 |
288| 0 0 0 0 |
289| 0 0 0 0 |
290| 0 0 0 0 |
291| 0 0 0 0 |
292| 0 0 0 0 |
293| 0 0 0 0 |
294| 0 0 0 0 |
295| 0 0 0 0 |
296| 0 0 0 0 |
297| 0 0 0 0 |
298| 0 0 0 0 |
299| 0 0 0 0 |
===ENDMEMORY==



===C P U===
IC - 11

C - T

TTC - 10

LLC - 3

SI - 0

PI - 0

TI - 2

PTR - 110

===ENDCPU===

===P C B===
JID - 401
TTL - 9
TLL - 4
===ENDPCB===

===  I R  ===
| P D 5 0 |
====END IR===

===  R R  ===
| A B C D |
====END RR===

====MEMORY====
  0| 0 0 0 0 |
  1| 0 0 0 0 |
  2| 0 0 0 0 |
  3| 0 0 0 0 |
  4| 0 0 0 0 |
  5| 0 0 0 0 |
  6| 0 0 0 0 |
  7| 0 0 0 0 |
  8| 0 0 0 0 |
  9| 0 0 0 0 |
 10| 0 0 0 0 |
 11| 0 0 0 0 |
 12| 0 0 0 0 |
 13| 0 0 0 0 |
 14| 0 0 0 0 |
 15| 0 0 0 0 |
 16| 0 0 0 0 |
 17| 0 0 0 0 |
 18| 0 0 0 0 |
 19| 0 0 0 0 |
 20| D O   N |
 21| O T 0 0 |
 22| 0 0 0 0 |
 23| 0 0 0 0 |
 24| 0 0 0 0 |
 25| 0 0 0 0 |
 26| 0 0 0 0 |
 27| 0 0 0 0 |
 28| 0 0 0 0 |
 29| 0 0 0 0 |
 30| 0 0 0 0 |
 31| 0 0 0 0 |
 32| 0 0 0 0 |
 33| 0 0 0 0 |
 34| 0 0 0 0 |
 35| 0 0 0 0 |
 36| 0 0 0 0 |
 37| 0 0 0 0 |
 38| 0 0 0 0 |
 39| 0 0 0 0 |
 40| 0 0 0 0 |
 41| 0 0 0 0 |
 42| 0 0 0 0 |
 43| 0 0 0 0 |
 44| 0 0 0 0 |
 45| 0 0 0 0 |
 46| 0 0 0 0 |
 47| 0 0 0 0 |
 48| 0 0 0 0 |
 49| 0 0 0 0 |
 50| P D 5 0 |
 51| H 0 0 0 |
 52| 0 0 0 0 |
 53| 0 0 0 0 |
 54| 0 0 0 0 |
 55| 0 0 0 0 |
 56| 0 0 0 0 |
 57| 0 0 0 0 |
 58| 0 0 0 0 |
 59| 0 0 0 0 |
 60| 0 0 0 0 |
 61| 0 0 0 0 |
 62| 0 0 0 0 |
 63| 0 0 0 0 |
 64| 0 0 0 0 |
 65| 0 0 0 0 |
 66| 0 0 0 0 |
 67| 0 0 0 0 |
 68| 0 0 0 0 |
 69| 0 0 0 0 |
 70| 0 0 0 0 |
 71| 0 0 0 0 |
 72| 0 0 0 0 |
 73| 0 0 0 0 |
 74| 0 0 0 0 |
 75| 0 0 0 0 |
 76| 0 0 0 0 |
 77| 0 0 0 0 |
 78| 0 0 0 0 |
 79| 0 0 0 0 |
 80| 0 0 0 0 |
 81| 0 0 0 0 |
 82| 0 0 0 0 |
 83| 0 0 0 0 |
 84| 0 0 0 0 |
 85| 0 0 0 0 |
 86| 0 0 0 0 |
 87| 0 0 0 0 |
 88| 0 0 0 0 |
 89| 0 0 0 0 |
 90| 0 0 0 0 |
 91| 0 0 0 0 |
 92| 0 0 0 0 |
 93| 0 0 0 0 |
 94| 0 0 0 0 |
 95| 0 0 0 0 |
 96| 0 0 0 0 |
 97| 0 0 0 0 |
 98| 0 0 0 0 |
 99| 0 0 0 0 |
100| 0 0 0 0 |
101| 0 0 0 0 |
102| 0 0 0 0 |
103| 0 0 0 0 |
104| 0 0 0 0 |
105| 0 0 0 0 |
106| 0 0 0 0 |
107| 0 0 0 0 |
108| 0 0 0 0 |
109| 0 0 0 0 |
110| 1 0 1 5 |
111| 1 0 0 5 |
112| 1 0 1 9 |
113| 1 0 2 1 |
114| 1 0 0 2 |
115| 1 0 2 3 |
116| 0 0 * * |
117| 0 0 * * |
118| 0 0 * * |
119| 0 0 * * |
120| 0 0 0 0 |
121| 0 0 0 0 |
122| 0 0 0 0 |
123| 0 0 0 0 |
124| 0 0 0 0 |
125| 0 0 0 0 |
126| 0 0 0 0 |
127| 0 0 0 0 |
128| 0 0 0 0 |
129| 0 0 0 0 |
130| 0 0 0 0 |
131| 0 0 0 0 |
132| 0 0 0 0 |
133| 0 0 0 0 |
134| 0 0 0 0 |
135| 0 0 0 0 |
136| 0 0 0 0 |
137| 0 0 0 0 |
138| 0 0 0 0 |
139| 0 0 0 0 |
140| 0 0 0 0 |
141| 0 0 0 0 |
142| 0 0 0 0 |
143| 0 0 0 0 |
144| 0 0 0 0 |
145| 0 0 0 0 |
146| 0 0 0 0 |
147| 0 0 0 0 |
148| 0 0 0 0 |
149| 0 0 0 0 |
150| G D 2 0 |
151| P D 2 0 |
152| G D 3 0 |
153| P D 3 0 |
154| G D 4 0 |
155| G D 5 0 |
156| L R 2 0 |
157| C R 3 0 |
158| B T 1 0 |
159| P D 4 0 |
160| 0 0 0 0 |
161| 0 0 0 0 |
162| 0 0 0 0 |
163| 0 0 0 0 |
164| 0 0 0 0 |
165| 0 0 0 0 |
166| 0 0 0 0 |
167| 0 0 0 0 |
168| 0 0 0 0 |
169| 0 0 0 0 |
170| 0 0 0 0 |
171| 0 0 0 0 |
172| 0 0 0 0 |
173| 0 0 0 0 |
174| 0 0 0 0 |
175| 0 0 0 0 |
176| 0 0 0 0 |
177| 0 0 0 0 |
178| 0 0 0 0 |
179| 0 0 0 0 |
180| 0 0 0 0 |
181| 0 0 0 0 |
182| 0 0 0 0 |
183| 0 0 0 0 |
184| 0 0 0 0 |
185| 0 0 0 0 |
186| 0 0 0 0 |
187| 0 0 0 0 |
188| 0 0 0 0 |
189| 0 0 0 0 |
190| A B C D |
191| 0 0 0 0 |
192| 0 0 0 0 |
193| 0 0 0 0 |
194| 0 0 0 0 |
195| 0 0 0 0 |
196| 0 0 0 0 |
197| 0 0 0 0 |
198| 0 0 0 0 |
199| 0 0 0 0 |
200| 0 0 0 0 |
201| 0 0 0 0 |
202| 0 0 0 0 |
203| 0 0 0 0 |
204| 0 0 0 0 |
205| 0 0 0 0 |
206| 0 0 0 0 |
207| 0 0 0 0 |
208| 0 0 0 0 |
209| 0 0 0 0 |
210| A B C D |
211| 0 0 0 0 |
212| 0 0 0 0 |
213| 0 0 0 0 |
214| 0 0 0 0 |
215| 0 0 0 0 |
216| 0 0 0 0 |
217| 0 0 0 0 |
218| 0 0 0 0 |
219| 0 0 0 0 |
220| 0 0 0 0 |
221| 0 0 0 0 |
222| 0 0 0 0 |
223| 0 0 0 0 |
224| 0 0 0 0 |
225| 0 0 0 0 |
226| 0 0 0 0 |
227| 0 0 0 0 |
228| 0 0 0 0 |
229| 0 0 0 0 |
230| M A T C |
231| H 0 0 0 |
232| 0 0 0 0 |
233| 0 0 0 0 |
234| 0 0 0 0 |
235| 0 0 0 0 |
236| 0 0 0 0 |
237| 0 0 0 0 |
238| 0 0 0 0 |
239| 0 0 0 0 |
240| 0 0 0 0 |
241| 0 0 0 0 |
242| 0 0 0 0 |
243| 0 0 0 0 |
244| 0 0 0 0 |
245| 0 0 0 0 |
246| 0 0 0 0 |
247| 0 0 0 0 |
248| 0 0 0 0 |
249| 0 0 0 0 |
250| 0 0 0 0 |
251| 0 0 0 0 |
252| 0 0 0 0 |
253| 0 0 0 0 |
254| 0 0 0 0 |
255| 0 0 0 0 |
256| 0 0 0 0 |
257| 0 0 0 0 |
258| 0 0 0 0 |
259| 0 0 0 0 |
260| 0 0 0 0 |
261| 0 0 0 0 |
262| 0 0 0 0 |
263| 0 0 0 0 |
264| 0 0 0 0 |
265| 0 0 0 0 |
266| 0 0 0 0 |
267| 0 0 0 0 |
268| 0 0 0 0 |
269| 0 0 0 0 |
270| 0 0 0 0 |
271| 0 0 0 0 |
272| 0 0 0 0 |
273| 0 0 0 0 |
274| 0 0 0 0 |
275| 0 0 0 0 |
276| 0 0 0 0 |
277| 0 0 0 0 |
278| 0 0 0 0 |
279| 0 0 0 0 |
280| 0 0 0 0 |
281| 0 0 0 0 |
282| 0 0 0 0 |
283| 0 0 0 0 |
284| 0 0 0 0 |
285| 0 0 0 0 |
286| 0 0 0 0 |
287| 0 0 0 0 |
288| 0 0 0 0 |
289| 0 0 0 0 |
290| 0 0 0 0 |
291| 0 0 0 0 |
292| 0 0 0 0 |
293| 0 0 0 0 |
294| 0 0 0 0 |
295| 0 0 0 0 |
296| 0 0 0 0 |
297| 0 0 0 0 |
298| 0 0 0 0 |
299| 0 0 0 0 |
===ENDMEMORY==



===C P U===
IC - 4

C - 0

TTC - 3

LLC - 0

SI - 0

PI - 2

TI - 0

PTR - 190

===ENDCPU===

===P C B===
JID - 1503
TTL - 20
TLL - 10
===ENDPCB===

===  I R  ===
| S R 7 A |
====END IR===

===  R R  ===
|   T O 0 |
====END RR===

====MEMORY====
  0| 0 0 0 0 |
  1| 0 0 0 0 |
  2| 0 0 0 0 |
  3| 0 0 0 0 |
  4| 0 0 0 0 |
  5| 0 0 0 0 |
  6| 0 0 0 0 |
  7| 0 0 0 0 |
  8| 0 0 0 0 |
  9| 0 0 0 0 |
 10| 0 0 0 0 |
 11| 0 0 0 0 |
 12| 0 0 0 0 |
 13| 0 0 0 0 |
 14| 0 0 0 0 |
 15| 0 0 0 0 |
 16| 0 0 0 0 |
 17| 0 0 0 0 |
 18| 0 0 0 0 |
 19| 0 0 0 0 |
 20| 0 0 0 0 |
 21| 0 0 0 0 |
 22| 0 0 0 0 |
 23| 0 0 0 0 |
 24| 0 0 0 0 |
 25| 0 0 0 0 |
 26| 0 0 0 0 |
 27| 0 0 0 0 |
 28| 0 0 0 0 |
 29| 0 0 0 0 |
 30| S H E   |
 31| W E N T |
 32| 0 0 0 0 |
 33| 0 0 0 0 |
 34| 0 0 0 0 |
 35| 0 0 0 0 |
 36| 0 0 0 0 |
 37| 0 0 0 0 |
 38| 0 0 0 0 |
 39| 0 0 0 0 |
 40|   T O 0 |
 41| 0 0 0 0 |
 42| 0 0 0 0 |
 43| 0 0 0 0 |
 44| 0 0 0 0 |
 45| 0 0 0 0 |
 46| 0 0 0 0 |
 47| 0 0 0 0 |
 48| 0 0 0 0 |
 49| 0 0 0 0 |
 50| G D 2 0 |
 51| G D 3 0 |
 52| L R 3 0 |
 53| S R 7 A |
 54| G D 4 0 |
 55| L R 4 0 |
 56| S R 7 4 |
 57| G D 5 0 |
 58| L R 5 0 |
 59| 0 0 0 0 |
 60| 0 0 0 0 |
 61| 0 0 0 0 |
 62| 0 0 0 0 |
 63| 0 0 0 0 |
 64| 0 0 0 0 |
 65| 0 0 0 0 |
 66| 0 0 0 0 |
 67| 0 0 0 0 |
 68| 0 0 0 0 |
 69| 0 0 0 0 |
 70| 0 0 0 0 |
 71| 0 0 0 0 |
 72| 0 0 0 0 |
 73| 0 0 0 0 |
 74| 0 0 0 0 |
 75| 0 0 0 0 |
 76| 0 0 0 0 |
 77| 0 0 0 0 |
 78| 0 0 0 0 |
 79| 0 0 0 0 |
 80| 0 0 0 0 |
 81| 0 0 0 0 |
 82| 0 0 0 0 |
 83| 0 0 0 0 |
 84| 0 0 0 0 |
 85| 0 0 0 0 |
 86| 0 0 0 0 |
 87| 0 0 0 0 |
 88| 0 0 0 0 |
 89| 0 0 0 0 |
 90| 0 0 0 0 |
 91| 0 0 0 0 |
 92| 0 0 0 0 |
 93| 0 0 0 0 |
 94| 0 0 0 0 |
 95| 0 0 0 0 |
 96| 0 0 0 0 |
 97| 0 0 0 0 |
 98| 0 0 0 0 |
 99| 0 0 0 0 |
100| 0 0 0 0 |
101| 0 0 0 0 |
102| 0 0 0 0 |
103| 0 0 0 0 |
104| 0 0 0 0 |
105| 0 0 0 0 |
106| 0 0 0 0 |
107| 0 0 0 0 |
108| 0 0 0 0 |
109| 0 0 0 0 |
110| 0 0 0 0 |
111| 0 0 0 0 |
112| 0 0 0 0 |
113| 0 0 0 0 |
114| 0 0 0 0 |
115| 0 0 0 0 |
116| 0 0 0 0 |
117| 0 0 0 0 |
118| 0 0 0 0 |
119| 0 0 0 0 |
120| 0 0 0 0 |
121| 0 0 0 0 |
122| 0 0 0 0 |
123| 0 0 0 0 |
124| 0 0 0 0 |
125| 0 0 0 0 |
126| 0 0 0 0 |
127| 0 0 0 0 |
128| 0 0 0 0 |
129| 0 0 0 0 |
130| 0 0 0 0 |
131| 0 0 0 0 |
132| 0 0 0 0 |
133| 0 0 0 0 |
134| 0 0 0 0 |
135| 0 0 0 0 |
136| 0 0 0 0 |
137| 0 0 0 0 |
138| 0 0 0 0 |
139| 0 0 0 0 |
140| 0 0 0 0 |
141| 0 0 0 0 |
142| 0 0 0 0 |
143| 0 0 0 0 |
144| 0 0 0 0 |
145| 0 0 0 0 |
146| 0 0 0 0 |
147| 0 0 0 0 |
148| 0 0 0 0 |
149| 0 0 0 0 |
150| 0 0 0 0 |
151| 0 0 0 0 |
152| 0 0 0 0 |
153| 0 0 0 0 |
154| 0 0 0 0 |
155| 0 0 0 0 |
156| 0 0 0 0 |
157| 0 0 0 0 |
158| 0 0 0 0 |
159| 0 0 0 0 |
160| 0 0 0 0 |
161| 0 0 0 0 |
162| 0 0 0 0 |
163| 0 0 0 0 |
164| 0 0 0 0 |
165| 0 0 0 0 |
166| 0 0 0 0 |
167| 0 0 0 0 |
168| 0 0 0 0 |
169| 0 0 0 0 |
170| 0 0 0 0 |
171| 0 0 0 0 |
172| 0 0 0 0 |
173| 0 0 0 0 |
174| 0 0 0 0 |
175| 0 0 0 0 |
176| 0 0 0 0 |
177| 0 0 0 0 |
178| 0 0 0 0 |
179| 0 0 0 0 |
180| 0 0 0 0 |
181| 0 0 0 0 |
182| 0 0 0 0 |
183| 0 0 0 0 |
184| 0 0 0 0 |
185| 0 0 0 0 |
186| 0 0 0 0 |
187| 0 0 0 0 |
188| 0 0 0 0 |
189| 0 0 0 0 |
190| 1 0 0 5 |
191| 1 0 2 5 |
192| 1 0 0 3 |
193| 1 0 0 4 |
194| 0 0 * * |
195| 0 0 * * |
196| 0 0 * * |
197| 0 0 * * |
198| 0 0 * * |
199| 0 0 * * |
200| 0 0 0 0 |
201| 0 0 0 0 |
202| 0 0 0 0 |
203| 0 0 0 0 |
204| 0 0 0 0 |
205| 0 0 0 0 |
206| 0 0 0 0 |
207| 0 0 0 0 |
208| 0 0 0 0 |
209| 0 0 0 0 |
210| 0 0 0 0 |
211| 0 0 0 0 |
212| 0 0 0 0 |
213| 0 0 0 0 |
214| 0 0 0 0 |
215| 0 0 0 0 |
216| 0 0 0 0 |
217| 0 0 0 0 |
218| 0 0 0 0 |
219| 0 0 0 0 |
220| 0 0 0 0 |
221| 0 0 0 0 |
222| 0 0 0 0 |
223| 0 0 0 0 |
224| 0 0 0 0 |
225| 0 0 0 0 |
226| 0 0 0 0 |
227| 0 0 0 0 |
228| 0 0 0 0 |
229| 0 0 0 0 |
230| 0 0 0 0 |
231| 0 0 0 0 |
232| 0 0 0 0 |
233| 0 0 0 0 |
234| 0 0 0 0 |
235| 0 0 0 0 |
236| 0 0 0 0 |
237| 0 0 0 0 |
238| 0 0 0 0 |
239| 0 0 0 0 |
240| 0 0 0 0 |
241| 0 0 0 0 |
242| 0 0 0 0 |
243| 0 0 0 0 |
244| 0 0 0 0 |
245| 0 0 0 0 |
246| 0 0 0 0 |
247| 0 0 0 0 |
248| 0 0 0 0 |
249| 0 0 0 0 |
250| S R 7 5 |
251| G D 6 0 |
252| G D 8 0 |
253| L R 8 0 |
254| S R 7 1 |
255| G D 9 0 |
256| L R 9 0 |
257| S R 7 2 |
258| P D 7 0 |
259| H 0 0 0 |
260| 0 0 0 0 |
261| 0 0 0 0 |
262| 0 0 0 0 |
263| 0 0 0 0 |
264| 0 0 0 0 |
265| 0 0 0 0 |
266| 0 0 0 0 |
267| 0 0 0 0 |
268| 0 0 0 0 |
269| 0 0 0 0 |
270| 0 0 0 0 |
271| 0 0 0 0 |
272| 0 0 0 0 |
273| 0 0 0 0 |
274| 0 0 0 0 |
275| 0 0 0 0 |
276| 0 0 0 0 |
277| 0 0 0 0 |
278| 0 0 0 0 |
279| 0 0 0 0 |
280| 0 0 0 0 |
281| 0 0 0 0 |
282| 0 0 0 0 |
283| 0 0 0 0 |
284| 0 0 0 0 |
285| 0 0 0 0 |
286| 0 0 0 0 |
287| 0 0 0 0 |
288| 0 0 0 0 |
289| 0 0 0 0 |
290| 0 0 0 0 |
291| 0 0 0 0 |
292| 0 0 0 0 |
293| 0 0 0 0 |
294| 0 0 0 0 |
295| 0 0 0 0 |
296| 0 0 0 0 |
297| 0 0 0 0 |
298| 0 0 0 0 |
299| 0 0 0 0 |
===ENDMEMORY==



===C P U===
IC - 9

C - 0

TTC - 8

LLC - 0

SI - 0

PI - 1

TI - 0

PTR - 240

===ENDCPU===

===P C B===
JID - 1403
TTL - 50
TLL - 8
===ENDPCB===

===  I R  ===
| P A 3 0 |
====END IR===

===  R R  ===
| E 0 0 0 |
====END RR===

====MEMORY====
  0| 0 0 0 0 |
  1| 0 0 0 0 |
  2| 0 0 0 0 |
  3| 0 0 0 0 |
  4| 0 0 0 0 |
  5| 0 0 0 0 |
  6| 0 0 0 0 |
  7| 0 0 0 0 |
  8| 0 0 0 0 |
  9| 0 0 0 0 |
 10| 0 0 0 0 |
 11| 0 0 0 0 |
 12| 0 0 0 0 |
 13| 0 0 0 0 |
 14| 0 0 0 0 |
 15| 0 0 0 0 |
 16| 0 0 0 0 |
 17| 0 0 0 0 |
 18| 0 0 0 0 |
 19| 0 0 0 0 |
 20| 0 0 0 0 |
 21| 0 0 0 0 |
 22| 0 0 0 0 |
 23| 0 0 0 0 |
 24| 0 0 0 0 |
 25| 0 0 0 0 |
 26| 0 0 0 0 |
 27| 0 0 0 0 |
 28| 0 0 0 0 |
 29| 0 0 0 0 |
 30| 0 0 0 0 |
 31| 0 0 0 0 |
 32| 0 0 0 0 |
 33| 0 0 0 0 |
 34| 0 0 0 0 |
 35| 0 0 0 0 |
 36| 0 0 0 0 |
 37| 0 0 0 0 |
 38| 0 0 0 0 |
 39| 0 0 0 0 |
 40| 0 0 0 0 |
 41| 0 0 0 0 |
 42| 0 0 0 0 |
 43| 0 0 0 0 |
 44| 0 0 0 0 |
 45| 0 0 0 0 |
 46| 0 0 0 0 |
 47| 0 0 0 0 |
 48| 0 0 0 0 |
 49| 0 0 0 0 |
 50| 0 0 0 0 |
 51| 0 0 0 0 |
 52| 0 0 0 0 |
 53| 0 0 0 0 |
 54| 0 0 0 0 |
 55| 0 0 0 0 |
 56| 0 0 0 0 |
 57| 0 0 0 0 |
 58| 0 0 0 0 |
 59| 0 0 0 0 |
 60| 0 0 0 0 |
 61| 0 0 0 0 |
 62| 0 0 0 0 |
 63| 0 0 0 0 |
 64| 0 0 0 0 |
 65| 0 0 0 0 |
 66| 0 0 0 0 |
 67| 0 0 0 0 |
 68| 0 0 0 0 |
 69| 0 0 0 0 |
 70| 0 0 0 0 |
 71| 0 0 0 0 |
 72| 0 0 0 0 |
 73| 0 0 0 0 |
 74| 0 0 0 0 |
 75| 0 0 0 0 |
 76| 0 0 0 0 |
 77| 0 0 0 0 |
 78| 0 0 0 0 |
 79| 0 0 0 0 |
 80| 0 0 0 0 |
 81| 0 0 0 0 |
 82| 0 0 0 0 |
 83| 0 0 0 0 |
 84| 0 0 0 0 |
 85| 0 0 0 0 |
 86| 0 0 0 0 |
 87| 0 0 0 0 |
 88| 0 0 0 0 |
 89| 0 0 0 0 |
 90| 0 0 0 0 |
 91| 0 0 0 0 |
 92| 0 0 0 0 |
 93| 0 0 0 0 |
 94| 0 0 0 0 |
 95| 0 0 0 0 |
 96| 0 0 0 0 |
 97| 0 0 0 0 |
 98| 0 0 0 0 |
 99| 0 0 0 0 |
100| 0 0 0 0 |
101| 0 0 0 0 |
102| 0 0 0 0 |
103| 0 0 0 0 |
104| 0 0 0 0 |
105| 0 0 0 0 |
106| 0 0 0 0 |
107| 0 0 0 0 |
108| 0 0 0 0 |
109| 0 0 0 0 |
110| 0 0 0 0 |
111| 0 0 0 0 |
112| 0 0 0 0 |
113| 0 0 0 0 |
114| 0 0 0 0 |
115| 0 0 0 0 |
116| 0 0 0 0 |
117| 0 0 0 0 |
118| 0 0 0 0 |
119| 0 0 0 0 |
120| 0 0 0 0 |
121| 0 0 0 0 |
122| 0 0 0 0 |
123| 0 0 0 0 |
124| 0 0 0 0 |
125| 0 0 0 0 |
126| 0 0 0 0 |
127| 0 0 0 0 |
128| 0 0 0 0 |
129| 0 0 0 0 |
130| 0 0 0 0 |
131| 0 0 0 0 |
132| 0 0 0 0 |
133| 0 0 0 0 |
134| 0 0 0 0 |
135| 0 0 0 0 |
136| 0 0 0 0 |
137| 0 0 0 0 |
138| 0 0 0 0 |
139| 0 0 0 0 |
140| 0 0 0 0 |
141| 0 0 0 0 |
142| 0 0 0 0 |
143| 0 0 0 0 |
144| 0 0 0 0 |
145| 0 0 0 0 |
146| 0 0 0 0 |
147| 0 0 0 0 |
148| 0 0 0 0 |
149| 0 0 0 0 |
150| 0 0 0 0 |
151| 0 0 0 0 |
152| 0 0 0 0 |
153| 0 0 0 0 |
154| 0 0 0 0 |
155| 0 0 0 0 |
156| 0 0 0 0 |
157| 0 0 0 0 |
158| 0 0 0 0 |
159| 0 0 0 0 |
160| S H O R |
161| E 0 0 0 |
162| 0 0 0 0 |
163| 0 0 0 0 |
164| 0 0 0 0 |
165| 0 0 0 0 |
166| 0 0 0 0 |
167| 0 0 0 0 |
168| 0 0 0 0 |
169| 0 0 0 0 |
170| 0 0 0 0 |
171| 0 0 0 0 |
172| 0 0 0 0 |
173| 0 0 0 0 |
174| 0 0 0 0 |
175| 0 0 0 0 |
176| 0 0 0 0 |
177| 0 0 0 0 |
178| 0 0 0 0 |
179| 0 0 0 0 |
180| H 0 0 0 |
181| 0 0 0 0 |
182| 0 0 0 0 |
183| 0 0 0 0 |
184| 0 0 0 0 |
185| 0 0 0 0 |
186| 0 0 0 0 |
187| 0 0 0 0 |
188| 0 0 0 0 |
189| 0 0 0 0 |
190| G D 3 0 |
191| L R 3 3 |
192| S R 3 7 |
193| G D 4 0 |
194| L R 4 0 |
195| S R 3 8 |
196| L R 4 1 |
197| S R 3 9 |
198| P A 3 0 |
199| 0 0 0 0 |
200| 0 0 0 0 |
201| 0 0 0 0 |
202| 0 0 0 0 |
203| 0 0 0 0 |
204| 0 0 0 0 |
205| 0 0 0 0 |
206| 0 0 0 0 |
207| 0 0 0 0 |
208| 0 0 0 0 |
209| 0 0 0 0 |
210| 0 0 0 0 |
211| 0 0 0 0 |
212| 0 0 0 0 |
213| 0 0 0 0 |
214| 0 0 0 0 |
215| 0 0 0 0 |
216| 0 0 0 0 |
217| 0 0 0 0 |
218| 0 0 0 0 |
219| 0 0 0 0 |
220| 0 0 0 0 |
221| 0 0 0 0 |
222| 0 0 0 0 |
223| 0 0 0 0 |
224| 0 0 0 0 |
225| 0 0 0 0 |
226| 0 0 0 0 |
227| 0 0 0 0 |
228| 0 0 0 0 |
229| 0 0 0 0 |
230| 0 0 0 0 |
231| 0 0 0 0 |
232| 0 0 0 0 |
233| 0 0 0 0 |
234| 0 0 0 0 |
235| 0 0 0 0 |
236| 0 0 0 0 |
237| 0 0 0 0 |
238| 0 0 0 0 |
239| 0 0 0 0 |
240| 1 0 1 9 |
241| 1 0 1 8 |
242| 0 0 * * |
243| 1 0 2 9 |
244| 1 0 1 6 |
245| 0 0 * * |
246| 0 0 * * |
247| 0 0 * * |
248| 0 0 * * |
249| 0 0 * * |
250| 0 0 0 0 |
251| 0 0 0 0 |
252| 0 0 0 0 |
253| 0 0 0 0 |
254| 0 0 0 0 |
255| 0 0 0 0 |
256| 0 0 0 0 |
257| 0 0 0 0 |
258| 0 0 0 0 |
259| 0 0 0 0 |
260| 0 0 0 0 |
261| 0 0 0 0 |
262| 0 0 0 0 |
263| 0 0 0 0 |
264| 0 0 0 0 |
265| 0 0 0 0 |
266| 0 0 0 0 |
267| 0 0 0 0 |
268| 0 0 0 0 |
269| 0 0 0 0 |
270| 0 0 0 0 |
271| 0 0 0 0 |
272| 0 0 0 0 |
273| 0 0 0 0 |
274| 0 0 0 0 |
275| 0 0 0 0 |
276| 0 0 0 0 |
277| 0 0 0 0 |
278| 0 0 0 0 |
279| 0 0 0 0 |
280| 0 0 0 0 |
281| 0 0 0 0 |
282| 0 0 0 0 |
283| 0 0 0 0 |
284| 0 0 0 0 |
285| 0 0 0 0 |
286| 0 0 0 0 |
287| 0 0 0 0 |
288| 0 0 0 0 |
289| 0 0 0 0 |
290| S H E   |
291| S E L L |
292| S       |
293| S E A   |
294| S H E L |
295| L S   O |
296| N 0 0 0 |
297| S E A   |
298| S H O R |
299| E 0 0 0 |
===ENDMEMORY==



===C P U===
IC - 1

C - 0

TTC - 0

LLC - 0

SI - 0

PI - 0

TI - 0

PTR - 30

===ENDCPU===

===P C B===
JID - 1403
TTL - 50
TLL - 8
===ENDPCB===

===  I R  ===
| G D 3 0 |
====END IR===

===  R R  ===
| 0 0 0 0 |
====END RR===

====MEMORY====
  0| 0 0 0 0 |
  1| 0 0 0 0 |
  2| 0 0 0 0 |
  3| 0 0 0 0 |
  4| 0 0 0 0 |
  5| 0 0 0 0 |
  6| 0 0 0 0 |
  7| 0 0 0 0 |
  8| 0 0 0 0 |
  9| 0 0 0 0 |
 10| 0 0 0 0 |
 11| 0 0 0 0 |
 12| 0 0 0 0 |
 13| 0 0 0 0 |
 14| 0 0 0 0 |
 15| 0 0 0 0 |
 16| 0 0 0 0 |
 17| 0 0 0 0 |
 18| 0 0 0 0 |
 19| 0 0 0 0 |
 20| 0 0 0 0 |
 21| 0 0 0 0 |
 22| 0 0 0 0 |
 23| 0 0 0 0 |
 24| 0 0 0 0 |
 25| 0 0 0 0 |
 26| 0 0 0 0 |
 27| 0 0 0 0 |
 28| 0 0 0 0 |
 29| 0 0 0 0 |
 30| 1 0 2 7 |
 31| 1 0 1 3 |
 32| 0 0 * * |
 33| 1 0 1 6 |
 34| 0 0 * * |
 35| 0 0 * * |
 36| 0 0 * * |
 37| 0 0 * * |
 38| 0 0 * * |
 39| 0 0 * * |
 40| 0 0 0 0 |
 41| 0 0 0 0 |
 42| 0 0 0 0 |
 43| 0 0 0 0 |
 44| 0 0 0 0 |
 45| 0 0 0 0 |
 46| 0 0 0 0 |
 47| 0 0 0 0 |
 48| 0 0 0 0 |
 49| 0 0 0 0 |
 50| 0 0 0 0 |
 51| 0 0 0 0 |
 52| 0 0 0 0 |
 53| 0 0 0 0 |
 54| 0 0 0 0 |
 55| 0 0 0 0 |
 56| 0 0 0 0 |
 57| 0 0 0 0 |
 58| 0 0 0 0 |
 59| 0 0 0 0 |
 60| 0 0 0 0 |
 61| 0 0 0 0 |
 62| 0 0 0 0 |
 63| 0 0 0 0 |
 64| 0 0 0 0 |
 65| 0 0 0 0 |
 66| 0 0 0 0 |
 67| 0 0 0 0 |
 68| 0 0 0 0 |
 69| 0 0 0 0 |
 70| 0 0 0 0 |
 71| 0 0 0 0 |
 72| 0 0 0 0 |
 73| 0 0 0 0 |
 74| 0 0 0 0 |
 75| 0 0 0 0 |
 76| 0 0 0 0 |
 77| 0 0 0 0 |
 78| 0 0 0 0 |
 79| 0 0 0 0 |
 80| 0 0 0 0 |
 81| 0 0 0 0 |
 82| 0 0 0 0 |
 83| 0 0 0 0 |
 84| 0 0 0 0 |
 85| 0 0 0 0 |
 86| 0 0 0 0 |
 87| 0 0 0 0 |
 88| 0 0 0 0 |
 89| 0 0 0 0 |
 90| 0 0 0 0 |
 91| 0 0 0 0 |
 92| 0 0 0 0 |
 93| 0 0 0 0 |
 94| 0 0 0 0 |
 95| 0 0 0 0 |
 96| 0 0 0 0 |
 97| 0 0 0 0 |
 98| 0 0 0 0 |
 99| 0 0 0 0 |
100| 0 0 0 0 |
101| 0 0 0 0 |
102| 0 0 0 0 |
103| 0 0 0 0 |
104| 0 0 0 0 |
105| 0 0 0 0 |
106| 0 0 0 0 |
107| 0 0 0 0 |
108| 0 0 0 0 |
109| 0 0 0 0 |
110| 0 0 0 0 |
111| 0 0 0 0 |
112| 0 0 0 0 |
113| 0 0 0 0 |
114| 0 0 0 0 |
115| 0 0 0 0 |
116| 0 0 0 0 |
117| 0 0 0 0 |
118| 0 0 0 0 |
119| 0 0 0 0 |
120| 0 0 0 0 |
121| 0 0 0 0 |
122| 0 0 0 0 |
123| 0 0 0 0 |
124| 0 0 0 0 |
125| 0 0 0 0 |
126| 0 0 0 0 |
127| 0 0 0 0 |
128| 0 0 0 0 |
129| 0 0 0 0 |
130| H 0 0 0 |
131| 0 0 0 0 |
132| 0 0 0 0 |
133| 0 0 0 0 |
134| 0 0 0 0 |
135| 0 0 0 0 |
136| 0 0 0 0 |
137| 0 0 0 0 |
138| 0 0 0 0 |
139| 0 0 0 0 |
140| 0 0 0 0 |
141| 0 0 0 0 |
142| 0 0 0 0 |
143| 0 0 0 0 |
144| 0 0 0 0 |
145| 0 0 0 0 |
146| 0 0 0 0 |
147| 0 0 0 0 |
148| 0 0 0 0 |
149| 0 0 0 0 |
150| 0 0 0 0 |
151| 0 0 0 0 |
152| 0 0 0 0 |
153| 0 0 0 0 |
154| 0 0 0 0 |
155| 0 0 0 0 |
156| 0 0 0 0 |
157| 0 0 0 0 |
158| 0 0 0 0 |
159| 0 0 0 0 |
160| 0 0 0 0 |
161| 0 0 0 0 |
162| 0 0 0 0 |
163| 0 0 0 0 |
164| 0 0 0 0 |
165| 0 0 0 0 |
166| 0 0 0 0 |
167| 0 0 0 0 |
168| 0 0 0 0 |
169| 0 0 0 0 |
170| 0 0 0 0 |
171| 0 0 0 0 |
172| 0 0 0 0 |
173| 0 0 0 0 |
174| 0 0 0 0 |
175| 0 0 0 0 |
176| 0 0 0 0 |
177| 0 0 0 0 |
178| 0 0 0 0 |
179| 0 0 0 0 |
180| 0 0 0 0 |
181| 0 0 0 0 |
182| 0 0 0 0 |
183| 0 0 0 0 |
184| 0 0 0 0 |
185| 0 0 0 0 |
186| 0 0 0 0 |
187| 0 0 0 0 |
188| 0 0 0 0 |
189| 0 0 0 0 |
190| 0 0 0 0 |
191| 0 0 0 0 |
192| 0 0 0 0 |
193| 0 0 0 0 |
194| 0 0 0 0 |
195| 0 0 0 0 |
196| 0 0 0 0 |
197| 0 0 0 0 |
198| 0 0 0 0 |
199| 0 0 0 0 |
200| 0 0 0 0 |
201| 0 0 0 0 |
202| 0 0 0 0 |
203| 0 0 0 0 |
204| 0 0 0 0 |
205| 0 0 0 0 |
206| 0 0 0 0 |
207| 0 0 0 0 |
208| 0 0 0 0 |
209| 0 0 0 0 |
210| 0 0 0 0 |
211| 0 0 0 0 |
212| 0 0 0 0 |
213| 0 0 0 0 |
214| 0 0 0 0 |
215| 0 0 0 0 |
216| 0 0 0 0 |
217| 0 0 0 0 |
218| 0 0 0 0 |
219| 0 0 0 0 |
220| 0 0 0 0 |
221| 0 0 0 0 |
222| 0 0 0 0 |
223| 0 0 0 0 |
224| 0 0 0 0 |
225| 0 0 0 0 |
226| 0 0 0 0 |
227| 0 0 0 0 |
228| 0 0 0 0 |
229| 0 0 0 0 |
230| 0 0 0 0 |
231| 0 0 0 0 |
232| 0 0 0 0 |
233| 0 0 0 0 |
234| 0 0 0 0 |
235| 0 0 0 0 |
236| 0 0 0 0 |
237| 0 0 0 0 |
238| 0 0 0 0 |
239| 0 0 0 0 |
240| 0 0 0 0 |
241| 0 0 0 0 |
242| 0 0 0 0 |
243| 0 0 0 0 |
244| 0 0 0 0 |
245| 0 0 0 0 |
246| 0 0 0 0 |
247| 0 0 0 0 |
248| 0 0 0 0 |
249| 0 0 0 0 |
250| 0 0 0 0 |
251| 0 0 0 0 |
252| 0 0 0 0 |
253| 0 0 0 0 |
254| 0 0 0 0 |
255| 0 0 0 0 |
256| 0 0 0 0 |
257| 0 0 0 0 |
258| 0 0 0 0 |
259| 0 0 0 0 |
260| 0 0 0 0 |
261| 0 0 0 0 |
262| 0 0 0 0 |
263| 0 0 0 0 |
264| 0 0 0 0 |
265| 0 0 0 0 |
266| 0 0 0 0 |
267| 0 0 0 0 |
268| 0 0 0 0 |
269| 0 0 0 0 |
270| G D 3 0 |
271| L R 3 3 |
272| S R 3 7 |
273| G D 4 0 |
274| L R 4 0 |
275| S R 3 8 |
276| L R 4 1 |
277| S R 3 9 |
278| P A 3 0 |
279| 0 0 0 0 |
280| 0 0 0 0 |
281| 0 0 0 0 |
282| 0 0 0 0 |
283| 0 0 0 0 |
284| 0 0 0 0 |
285| 0 0 0 0 |
286| 0 0 0 0 |
287| 0 0 0 0 |
288| 0 0 0 0 |
289| 0 0 0 0 |
290| 0 0 0 0 |
291| 0 0 0 0 |
292| 0 0 0 0 |
293| 0 0 0 0 |
294| 0 0 0 0 |
295| 0 0 0 0 |
296| 0 0 0 0 |
297| 0 0 0 0 |
298| 0 0 0 0 |
299| 0 0 0 0 |
===ENDMEMORY==



===C P U===
IC - 5

C - 0

TTC - 4

LLC - 1

SI - 0

PI - 2

TI - 2

PTR - 100

===ENDCPU===

===P C B===
JID - 402
TTL - 4
TLL - 2
===ENDPCB===

===  I R  ===
| P D 3 F |
====END IR===

===  R R  ===
| S H E   |
====END RR===

====MEMORY====
  0| 0 0 0 0 |
  1| 0 0 0 0 |
  2| 0 0 0 0 |
  3| 0 0 0 0 |
  4| 0 0 0 0 |
  5| 0 0 0 0 |
  6| 0 0 0 0 |
  7| 0 0 0 0 |
  8| 0 0 0 0 |
  9| 0 0 0 0 |
 10| 0 0 0 0 |
 11| 0 0 0 0 |
 12| 0 0 0 0 |
 13| 0 0 0 0 |
 14| 0 0 0 0 |
 15| 0 0 0 0 |
 16| 0 0 0 0 |
 17| 0 0 0 0 |
 18| 0 0 0 0 |
 19| 0 0 0 0 |
 20| G D 3 0 |
 21| P D 3 0 |
 22| L R 3 0 |
 23| S R 4 0 |
 24| P D 3 F |
 25| H 0 0 0 |
 26| 0 0 0 0 |
 27| 0 0 0 0 |
 28| 0 0 0 0 |
 29| 0 0 0 0 |
 30| 0 0 0 0 |
 31| 0 0 0 0 |
 32| 0 0 0 0 |
 33| 0 0 0 0 |
 34| 0 0 0 0 |
 35| 0 0 0 0 |
 36| 0 0 0 0 |
 37| 0 0 0 0 |
 38| 0 0 0 0 |
 39| 0 0 0 0 |
 40| S H E   |
 41| S E L L |
 42| S       |
 43| S E A   |
 44| S H E L |
 45| L S   O |
 46| N 0 0 0 |
 47| 0 0 0 0 |
 48| 0 0 0 0 |
 49| 0 0 0 0 |
 50| 0 0 0 0 |
 51| 0 0 0 0 |
 52| 0 0 0 0 |
 53| 0 0 0 0 |
 54| 0 0 0 0 |
 55| 0 0 0 0 |
 56| 0 0 0 0 |
 57| 0 0 0 0 |
 58| 0 0 0 0 |
 59| 0 0 0 0 |
 60| 0 0 0 0 |
 61| 0 0 0 0 |
 62| 0 0 0 0 |
 63| 0 0 0 0 |
 64| 0 0 0 0 |
 65| 0 0 0 0 |
 66| 0 0 0 0 |
 67| 0 0 0 0 |
 68| 0 0 0 0 |
 69| 0 0 0 0 |
 70| 0 0 0 0 |
 71| 0 0 0 0 |
 72| 0 0 0 0 |
 73| 0 0 0 0 |
 74| 0 0 0 0 |
 75| 0 0 0 0 |
 76| 0 0 0 0 |
 77| 0 0 0 0 |
 78| 0 0 0 0 |
 79| 0 0 0 0 |
 80| 0 0 0 0 |
 81| 0 0 0 0 |
 82| 0 0 0 0 |
 83| 0 0 0 0 |
 84| 0 0 0 0 |
 85| 0 0 0 0 |
 86| 0 0 0 0 |
 87| 0 0 0 0 |
 88| 0 0 0 0 |
 89| 0 0 0 0 |
 90| S H E   |
 91| 0 0 0 0 |
 92| 0 0 0 0 |
 93| 0 0 0 0 |
 94| 0 0 0 0 |
 95| 0 0 0 0 |
 96| 0 0 0 0 |
 97| 0 0 0 0 |
 98| 0 0 0 0 |
 99| 0 0 0 0 |
100| 1 0 0 2 |
101| 0 0 * * |
102| 0 0 * * |
103| 1 0 0 4 |
104| 1 0 0 9 |
105| 0 0 * * |
106| 0 0 * * |
107| 0 0 * * |
108| 0 0 * * |
109| 0 0 * * |
110| 0 0 0 0 |
111| 0 0 0 0 |
112| 0 0 0 0 |
113| 0 0 0 0 |
114| 0 0 0 0 |
115| 0 0 0 0 |
116| 0 0 0 0 |
117| 0 0 0 0 |
118| 0 0 0 0 |
119| 0 0 0 0 |
120| 0 0 0 0 |
121| 0 0 0 0 |
122| 0 0 0 0 |
123| 0 0 0 0 |
124| 0 0 0 0 |
125| 0 0 0 0 |
126| 0 0 0 0 |
127| 0 0 0 0 |
128| 0 0 0 0 |
129| 0 0 0 0 |
130| 0 0 0 0 |
131| 0 0 0 0 |
132| 0 0 0 0 |
133| 0 0 0 0 |
134| 0 0 0 0 |
135| 0 0 0 0 |
136| 0 0 0 0 |
137| 0 0 0 0 |
138| 0 0 0 0 |
139| 0 0 0 0 |
140| 0 0 0 0 |
141| 0 0 0 0 |
142| 0 0 0 0 |
143| 0 0 0 0 |
144| 0 0 0 0 |
145| 0 0 0 0 |
146| 0 0 0 0 |
147| 0 0 0 0 |
148| 0 0 0 0 |
149| 0 0 0 0 |
150| 0 0 0 0 |
151| 0 0 0 0 |
152| 0 0 0 0 |
153| 0 0 0 0 |
154| 0 0 0 0 |
155| 0 0 0 0 |
156| 0 0 0 0 |
157| 0 0 0 0 |
158| 0 0 0 0 |
159| 0 0 0 0 |
160| 0 0 0 0 |
161| 0 0 0 0 |
162| 0 0 0 0 |
163| 0 0 0 0 |
164| 0 0 0 0 |
165| 0 0 0 0 |
166| 0 0 0 0 |
167| 0 0 0 0 |
168| 0 0 0 0 |
169| 0 0 0 0 |
170| 0 0 0 0 |
171| 0 0 0 0 |
172| 0 0 0 0 |
173| 0 0 0 0 |
174| 0 0 0 0 |
175| 0 0 0 0 |
176| 0 0 0 0 |
177| 0 0 0 0 |
178| 0 0 0 0 |
179| 0 0 0 0 |
180| 0 0 0 0 |
181| 0 0 0 0 |
182| 0 0 0 0 |
183| 0 0 0 0 |
184| 0 0 0 0 |
185| 0 0 0 0 |
186| 0 0 0 0 |
187| 0 0 0 0 |
188| 0 0 0 0 |
189| 0 0 0 0 |
190| 0 0 0 0 |
191| 0 0 0 0 |
192| 0 0 0 0 |
193| 0 0 0 0 |
194| 0 0 0 0 |
195| 0 0 0 0 |
196| 0 0 0 0 |
197| 0 0 0 0 |
198| 0 0 0 0 |
199| 0 0 0 0 |
200| 0 0 0 0 |
201| 0 0 0 0 |
202| 0 0 0 0 |
203| 0 0 0 0 |
204| 0 0 0 0 |
205| 0 0 0 0 |
206| 0 0 0 0 |
207| 0 0 0 0 |
208| 0 0 0 0 |
209| 0 0 0 0 |
210| 0 0 0 0 |
211| 0 0 0 0 |
212| 0 0 0 0 |
213| 0 0 0 0 |
214| 0 0 0 0 |
215| 0 0 0 0 |
216| 0 0 0 0 |
217| 0 0 0 0 |
218| 0 0 0 0 |
219| 0 0 0 0 |
220| 0 0 0 0 |
221| 0 0 0 0 |
222| 0 0 0 0 |
223| 0 0 0 0 |
224| 0 0 0 0 |
225| 0 0 0 0 |
226| 0 0 0 0 |
227| 0 0 0 0 |
228| 0 0 0 0 |
229| 0 0 0 0 |
230| 0 0 0 0 |
231| 0 0 0 0 |
232| 0 0 0 0 |
233| 0 0 0 0 |
234| 0 0 0 0 |
235| 0 0 0 0 |
236| 0 0 0 0 |
237| 0 0 0 0 |
238| 0 0 0 0 |
239| 0 0 0 0 |
240| 0 0 0 0 |
241| 0 0 0 0 |
242| 0 0 0 0 |
243| 0 0 0 0 |
244| 0 0 0 0 |
245| 0 0 0 0 |
246| 0 0 0 0 |
247| 0 0 0 0 |
248| 0 0 0 0 |
249| 0 0 0 0 |
250| 0 0 0 0 |
251| 0 0 0 0 |
252| 0 0 0 0 |
253| 0 0 0 0 |
254| 0 0 0 0 |
255| 0 0 0 0 |
256| 0 0 0 0 |
257| 0 0 0 0 |
258| 0 0 0 0 |
259| 0 0 0 0 |
260| 0 0 0 0 |
261| 0 0 0 0 |
262| 0 0 0 0 |
263| 0 0 0 0 |
264| 0 0 0 0 |
265| 0 0 0 0 |
266| 0 0 0 0 |
267| 0 0 0 0 |
268| 0 0 0 0 |
269| 0 0 0 0 |
270| 0 0 0 0 |
271| 0 0 0 0 |
272| 0 0 0 0 |
273| 0 0 0 0 |
274| 0 0 0 0 |
275| 0 0 0 0 |
276| 0 0 0 0 |
277| 0 0 0 0 |
278| 0 0 0 0 |
279| 0 0 0 0 |
280| 0 0 0 0 |
281| 0 0 0 0 |
282| 0 0 0 0 |
283| 0 0 0 0 |
284| 0 0 0 0 |
285| 0 0 0 0 |
286| 0 0 0 0 |
287| 0 0 0 0 |
288| 0 0 0 0 |
289| 0 0 0 0 |
290| 0 0 0 0 |
291| 0 0 0 0 |
292| 0 0 0 0 |
293| 0 0 0 0 |
294| 0 0 0 0 |
295| 0 0 0 0 |
296| 0 0 0 0 |
297| 0 0 0 0 |
298| 0 0 0 0 |
299| 0 0 0 0 |
===ENDMEMORY==



===C P U===
IC - 5

C - 0

TTC - 4

LLC - 1

SI - 0

PI - 1

TI - 2

PTR - 280

===ENDCPU===

===P C B===
JID - 403
TTL - 4
TLL - 2
===ENDPCB===

===  I R  ===
| P S 4 0 |
====END IR===

===  R R  ===
| S H E   |
====END RR===

====MEMORY====
  0| 0 0 0 0 |
  1| 0 0 0 0 |
  2| 0 0 0 0 |
  3| 0 0 0 0 |
  4| 0 0 0 0 |
  5| 0 0 0 0 |
  6| 0 0 0 0 |
  7| 0 0 0 0 |
  8| 0 0 0 0 |
  9| 0 0 0 0 |
 10| 0 0 0 0 |
 11| 0 0 0 0 |
 12| 0 0 0 0 |
 13| 0 0 0 0 |
 14| 0 0 0 0 |
 15| 0 0 0 0 |
 16| 0 0 0 0 |
 17| 0 0 0 0 |
 18| 0 0 0 0 |
 19| 0 0 0 0 |
 20| 0 0 0 0 |
 21| 0 0 0 0 |
 22| 0 0 0 0 |
 23| 0 0 0 0 |
 24| 0 0 0 0 |
 25| 0 0 0 0 |
 26| 0 0 0 0 |
 27| 0 0 0 0 |
 28| 0 0 0 0 |
 29| 0 0 0 0 |
 30| 0 0 0 0 |
 31| 0 0 0 0 |
 32| 0 0 0 0 |
 33| 0 0 0 0 |
 34| 0 0 0 0 |
 35| 0 0 0 0 |
 36| 0 0 0 0 |
 37| 0 0 0 0 |
 38| 0 0 0 0 |
 39| 0 0 0 0 |
 40| 0 0 0 0 |
 41| 0 0 0 0 |
 42| 0 0 0 0 |
 43| 0 0 0 0 |
 44| 0 0 0 0 |
 45| 0 0 0 0 |
 46| 0 0 0 0 |
 47| 0 0 0 0 |
 48| 0 0 0 0 |
 49| 0 0 0 0 |
 50| 0 0 0 0 |
 51| 0 0 0 0 |
 52| 0 0 0 0 |
 53| 0 0 0 0 |
 54| 0 0 0 0 |
 55| 0 0 0 0 |
 56| 0 0 0 0 |
 57| 0 0 0 0 |
 58| 0 0 0 0 |
 59| 0 0 0 0 |
 60| 0 0 0 0 |
 61| 0 0 0 0 |
 62| 0 0 0 0 |
 63| 0 0 0 0 |
 64| 0 0 0 0 |
 65| 0 0 0 0 |
 66| 0 0 0 0 |
 67| 0 0 0 0 |
 68| 0 0 0 0 |
 69| 0 0 0 0 |
 70| 0 0 0 0 |
 71| 0 0 0 0 |
 72| 0 0 0 0 |
 73| 0 0 0 0 |
 74| 0 0 0 0 |
 75| 0 0 0 0 |
 76| 0 0 0 0 |
 77| 0 0 0 0 |
 78| 0 0 0 0 |
 79| 0 0 0 0 |
 80| 0 0 0 0 |
 81| 0 0 0 0 |
 82| 0 0 0 0 |
 83| 0 0 0 0 |
 84| 0 0 0 0 |
 85| 0 0 0 0 |
 86| 0 0 0 0 |
 87| 0 0 0 0 |
 88| 0 0 0 0 |
 89| 0 0 0 0 |
 90| 0 0 0 0 |
 91| 0 0 0 0 |
 92| 0 0 0 0 |
 93| 0 0 0 0 |
 94| 0 0 0 0 |
 95| 0 0 0 0 |
 96| 0 0 0 0 |
 97| 0 0 0 0 |
 98| 0 0 0 0 |
 99| 0 0 0 0 |
100| 0 0 0 0 |
101| 0 0 0 0 |
102| 0 0 0 0 |
103| 0 0 0 0 |
104| 0 0 0 0 |
105| 0 0 0 0 |
106| 0 0 0 0 |
107| 0 0 0 0 |
108| 0 0 0 0 |
109| 0 0 0 0 |
110| G D 3 0 |
111| P D 3 0 |
112| L R 3 0 |
113| S R 4 0 |
114| P S 4 0 |
115| H 0 0 0 |
116| 0 0 0 0 |
117| 0 0 0 0 |
118| 0 0 0 0 |
119| 0 0 0 0 |
120| 0 0 0 0 |
121| 0 0 0 0 |
122| 0 0 0 0 |
123| 0 0 0 0 |
124| 0 0 0 0 |
125| 0 0 0 0 |
126| 0 0 0 0 |
127| 0 0 0 0 |
128| 0 0 0 0 |
129| 0 0 0 0 |
130| 0 0 0 0 |
131| 0 0 0 0 |
132| 0 0 0 0 |
133| 0 0 0 0 |
134| 0 0 0 0 |
135| 0 0 0 0 |
136| 0 0 0 0 |
137| 0 0 0 0 |
138| 0 0 0 0 |
139| 0 0 0 0 |
140| 0 0 0 0 |
141| 0 0 0 0 |
142| 0 0 0 0 |
143| 0 0 0 0 |
144| 0 0 0 0 |
145| 0 0 0 0 |
146| 0 0 0 0 |
147| 0 0 0 0 |
148| 0 0 0 0 |
149| 0 0 0 0 |
150| 0 0 0 0 |
151| 0 0 0 0 |
152| 0 0 0 0 |
153| 0 0 0 0 |
154| 0 0 0 0 |
155| 0 0 0 0 |
156| 0 0 0 0 |
157| 0 0 0 0 |
158| 0 0 0 0 |
159| 0 0 0 0 |
160| 0 0 0 0 |
161| 0 0 0 0 |
162| 0 0 0 0 |
163| 0 0 0 0 |
164| 0 0 0 0 |
165| 0 0 0 0 |
166| 0 0 0 0 |
167| 0 0 0 0 |
168| 0 0 0 0 |
169| 0 0 0 0 |
170| 0 0 0 0 |
171| 0 0 0 0 |
172| 0 0 0 0 |
173| 0 0 0 0 |
174| 0 0 0 0 |
175| 0 0 0 0 |
176| 0 0 0 0 |
177| 0 0 0 0 |
178| 0 0 0 0 |
179| 0 0 0 0 |
180| S H E   |
181| 0 0 0 0 |
182| 0 0 0 0 |
183| 0 0 0 0 |
184| 0 0 0 0 |
185| 0 0 0 0 |
186| 0 0 0 0 |
187| 0 0 0 0 |
188| 0 0 0 0 |
189| 0 0 0 0 |
190| 0 0 0 0 |
191| 0 0 0 0 |
192| 0 0 0 0 |
193| 0 0 0 0 |
194| 0 0 0 0 |
195| 0 0 0 0 |
196| 0 0 0 0 |
197| 0 0 0 0 |
198| 0 0 0 0 |
199| 0 0 0 0 |
200| 0 0 0 0 |
201| 0 0 0 0 |
202| 0 0 0 0 |
203| 0 0 0 0 |
204| 0 0 0 0 |
205| 0 0 0 0 |
206| 0 0 0 0 |
207| 0 0 0 0 |
208| 0 0 0 0 |
209| 0 0 0 0 |
210| 0 0 0 0 |
211| 0 0 0 0 |
212| 0 0 0 0 |
213| 0 0 0 0 |
214| 0 0 0 0 |
215| 0 0 0 0 |
216| 0 0 0 0 |
217| 0 0 0 0 |
218| 0 0 0 0 |
219| 0 0 0 0 |
220| 0 0 0 0 |
221| 0 0 0 0 |
222| 0 0 0 0 |
223| 0 0 0 0 |
224| 0 0 0 0 |
225| 0 0 0 0 |
226| 0 0 0 0 |
227| 0 0 0 0 |
228| 0 0 0 0 |
229| 0 0 0 0 |
230| 0 0 0 0 |
231| 0 0 0 0 |
232| 0 0 0 0 |
233| 0 0 0 0 |
234| 0 0 0 0 |
235| 0 0 0 0 |
236| 0 0 0 0 |
237| 0 0 0 0 |
238| 0 0 0 0 |
239| 0 0 0 0 |
240| 0 0 0 0 |
241| 0 0 0 0 |
242| 0 0 0 0 |
243| 0 0 0 0 |
244| 0 0 0 0 |
245| 0 0 0 0 |
246| 0 0 0 0 |
247| 0 0 0 0 |
248| 0 0 0 0 |
249| 0 0 0 0 |
250| 0 0 0 0 |
251| 0 0 0 0 |
252| 0 0 0 0 |
253| 0 0 0 0 |
254| 0 0 0 0 |
255| 0 0 0 0 |
256| 0 0 0 0 |
257| 0 0 0 0 |
258| 0 0 0 0 |
259| 0 0 0 0 |
260| 0 0 0 0 |
261| 0 0 0 0 |
262| 0 0 0 0 |
263| 0 0 0 0 |
264| 0 0 0 0 |
265| 0 0 0 0 |
266| 0 0 0 0 |
267| 0 0 0 0 |
268| 0 0 0 0 |
269| 0 0 0 0 |
270| S H E   |
271| S E L L |
272| S       |
273| S E A   |
274| S H E L |
275| L S   O |
276| N 0 0 0 |
277| 0 0 0 0 |
278| 0 0 0 0 |
279| 0 0 0 0 |
280| 1 0 1 1 |
281| 0 0 * * |
282| 0 0 * * |
283| 1 0 2 7 |
284| 1 0 1 8 |
285| 0 0 * * |
286| 0 0 * * |
287| 0 0 * * |
288| 0 0 * * |
289| 0 0 * * |
290| 0 0 0 0 |
291| 0 0 0 0 |
292| 0 0 0 0 |
293| 0 0 0 0 |
294| 0 0 0 0 |
295| 0 0 0 0 |
296| 0 0 0 0 |
297| 0 0 0 0 |
298| 0 0 0 0 |
299| 0 0 0 0 |
===ENDMEMORY==



===C P U===
IC - 4

C - 0

TTC - 3

LLC - 1

SI - 0

PI - 0

TI - 2

PTR - 200

===ENDCPU===

===P C B===
JID - 405
TTL - 3
TLL - 2
===ENDPCB===

===  I R  ===
| S R 3 2 |
====END IR===

===  R R  ===
| S H E   |
====END RR===

====MEMORY====
  0| 0 0 0 0 |
  1| 0 0 0 0 |
  2| 0 0 0 0 |
  3| 0 0 0 0 |
  4| 0 0 0 0 |
  5| 0 0 0 0 |
  6| 0 0 0 0 |
  7| 0 0 0 0 |
  8| 0 0 0 0 |
  9| 0 0 0 0 |
 10| 0 0 0 0 |
 11| 0 0 0 0 |
 12| 0 0 0 0 |
 13| 0 0 0 0 |
 14| 0 0 0 0 |
 15| 0 0 0 0 |
 16| 0 0 0 0 |
 17| 0 0 0 0 |
 18| 0 0 0 0 |
 19| 0 0 0 0 |
 20| 0 0 0 0 |
 21| 0 0 0 0 |
 22| 0 0 0 0 |
 23| 0 0 0 0 |
 24| 0 0 0 0 |
 25| 0 0 0 0 |
 26| 0 0 0 0 |
 27| 0 0 0 0 |
 28| 0 0 0 0 |
 29| 0 0 0 0 |
 30| 0 0 0 0 |
 31| 0 0 0 0 |
 32| 0 0 0 0 |
 33| 0 0 0 0 |
 34| 0 0 0 0 |
 35| 0 0 0 0 |
 36| 0 0 0 0 |
 37| 0 0 0 0 |
 38| 0 0 0 0 |
 39| 0 0 0 0 |
 40| 0 0 0 0 |
 41| 0 0 0 0 |
 42| 0 0 0 0 |
 43| 0 0 0 0 |
 44| 0 0 0 0 |
 45| 0 0 0 0 |
 46| 0 0 0 0 |
 47| 0 0 0 0 |
 48| 0 0 0 0 |
 49| 0 0 0 0 |
 50| 0 0 0 0 |
 51| 0 0 0 0 |
 52| 0 0 0 0 |
 53| 0 0 0 0 |
 54| 0 0 0 0 |
 55| 0 0 0 0 |
 56| 0 0 0 0 |
 57| 0 0 0 0 |
 58| 0 0 0 0 |
 59| 0 0 0 0 |
 60| 0 0 0 0 |
 61| 0 0 0 0 |
 62| 0 0 0 0 |
 63| 0 0 0 0 |
 64| 0 0 0 0 |
 65| 0 0 0 0 |
 66| 0 0 0 0 |
 67| 0 0 0 0 |
 68| 0 0 0 0 |
 69| 0 0 0 0 |
 70| 0 0 0 0 |
 71| 0 0 0 0 |
 72| 0 0 0 0 |
 73| 0 0 0 0 |
 74| 0 0 0 0 |
 75| 0 0 0 0 |
 76| 0 0 0 0 |
 77| 0 0 0 0 |
 78| 0 0 0 0 |
 79| 0 0 0 0 |
 80| 0 0 0 0 |
 81| 0 0 0 0 |
 82| 0 0 0 0 |
 83| 0 0 0 0 |
 84| 0 0 0 0 |
 85| 0 0 0 0 |
 86| 0 0 0 0 |
 87| 0 0 0 0 |
 88| 0 0 0 0 |
 89| 0 0 0 0 |
 90| 0 0 0 0 |
 91| 0 0 0 0 |
 92| 0 0 0 0 |
 93| 0 0 0 0 |
 94| 0 0 0 0 |
 95| 0 0 0 0 |
 96| 0 0 0 0 |
 97| 0 0 0 0 |
 98| 0 0 0 0 |
 99| 0 0 0 0 |
100| 0 0 0 0 |
101| 0 0 0 0 |
102| 0 0 0 0 |
103| 0 0 0 0 |
104| 0 0 0 0 |
105| 0 0 0 0 |
106| 0 0 0 0 |
107| 0 0 0 0 |
108| 0 0 0 0 |
109| 0 0 0 0 |
110| 0 0 0 0 |
111| 0 0 0 0 |
112| 0 0 0 0 |
113| 0 0 0 0 |
114| 0 0 0 0 |
115| 0 0 0 0 |
116| 0 0 0 0 |
117| 0 0 0 0 |
118| 0 0 0 0 |
119| 0 0 0 0 |
120| 0 0 0 0 |
121| 0 0 0 0 |
122| 0 0 0 0 |
123| 0 0 0 0 |
124| 0 0 0 0 |
125| 0 0 0 0 |
126| 0 0 0 0 |
127| 0 0 0 0 |
128| 0 0 0 0 |
129| 0 0 0 0 |
130| 0 0 0 0 |
131| 0 0 0 0 |
132| 0 0 0 0 |
133| 0 0 0 0 |
134| 0 0 0 0 |
135| 0 0 0 0 |
136| 0 0 0 0 |
137| 0 0 0 0 |
138| 0 0 0 0 |
139| 0 0 0 0 |
140| 0 0 0 0 |
141| 0 0 0 0 |
142| 0 0 0 0 |
143| 0 0 0 0 |
144| 0 0 0 0 |
145| 0 0 0 0 |
146| 0 0 0 0 |
147| 0 0 0 0 |
148| 0 0 0 0 |
149| 0 0 0 0 |
150| 0 0 0 0 |
151| 0 0 0 0 |
152| 0 0 0 0 |
153| 0 0 0 0 |
154| 0 0 0 0 |
155| 0 0 0 0 |
156| 0 0 0 0 |
157| 0 0 0 0 |
158| 0 0 0 0 |
159| 0 0 0 0 |
160| 0 0 0 0 |
161| 0 0 0 0 |
162| 0 0 0 0 |
163| 0 0 0 0 |
164| 0 0 0 0 |
165| 0 0 0 0 |
166| 0 0 0 0 |
167| 0 0 0 0 |
168| 0 0 0 0 |
169| 0 0 0 0 |
170| 0 0 0 0 |
171| 0 0 0 0 |
172| 0 0 0 0 |
173| 0 0 0 0 |
174| 0 0 0 0 |
175| 0 0 0 0 |
176| 0 0 0 0 |
177| 0 0 0 0 |
178| 0 0 0 0 |
179| 0 0 0 0 |
180| 0 0 0 0 |
181| 0 0 0 0 |
182| 0 0 0 0 |
183| 0 0 0 0 |
184| 0 0 0 0 |
185| 0 0 0 0 |
186| 0 0 0 0 |
187| 0 0 0 0 |
188| 0 0 0 0 |
189| 0 0 0 0 |
190| 0 0 0 0 |
191| 0 0 0 0 |
192| 0 0 0 0 |
193| 0 0 0 0 |
194| 0 0 0 0 |
195| 0 0 0 0 |
196| 0 0 0 0 |
197| 0 0 0 0 |
198| 0 0 0 0 |
199| 0 0 0 0 |
200| 1 0 2 5 |
201| 0 0 * * |
202| 0 0 * * |
203| 1 0 2 8 |
204| 0 0 * * |
205| 0 0 * * |
206| 0 0 * * |
207| 0 0 * * |
208| 0 0 * * |
209| 0 0 * * |
210| 0 0 0 0 |
211| 0 0 0 0 |
212| 0 0 0 0 |
213| 0 0 0 0 |
214| 0 0 0 0 |
215| 0 0 0 0 |
216| 0 0 0 0 |
217| 0 0 0 0 |
218| 0 0 0 0 |
219| 0 0 0 0 |
220| 0 0 0 0 |
221| 0 0 0 0 |
222| 0 0 0 0 |
223| 0 0 0 0 |
224| 0 0 0 0 |
225| 0 0 0 0 |
226| 0 0 0 0 |
227| 0 0 0 0 |
228| 0 0 0 0 |
229| 0 0 0 0 |
230| 0 0 0 0 |
231| 0 0 0 0 |
232| 0 0 0 0 |
233| 0 0 0 0 |
234| 0 0 0 0 |
235| 0 0 0 0 |
236| 0 0 0 0 |
237| 0 0 0 0 |
238| 0 0 0 0 |
239| 0 0 0 0 |
240| 0 0 0 0 |
241| 0 0 0 0 |
242| 0 0 0 0 |
243| 0 0 0 0 |
244| 0 0 0 0 |
245| 0 0 0 0 |
246| 0 0 0 0 |
247| 0 0 0 0 |
248| 0 0 0 0 |
249| 0 0 0 0 |
250| G D 3 0 |
251| P D 3 0 |
252| L R 3 0 |
253| S R 3 2 |
254| P D 4 0 |
255| H 0 0 0 |
256| 0 0 0 0 |
257| 0 0 0 0 |
258| 0 0 0 0 |
259| 0 0 0 0 |
260| 0 0 0 0 |
261| 0 0 0 0 |
262| 0 0 0 0 |
263| 0 0 0 0 |
264| 0 0 0 0 |
265| 0 0 0 0 |
266| 0 0 0 0 |
267| 0 0 0 0 |
268| 0 0 0 0 |
269| 0 0 0 0 |
270| 0 0 0 0 |
271| 0 0 0 0 |
272| 0 0 0 0 |
273| 0 0 0 0 |
274| 0 0 0 0 |
275| 0 0 0 0 |
276| 0 0 0 0 |
277| 0 0 0 0 |
278| 0 0 0 0 |
279| 0 0 0 0 |
280| S H E   |
281| S E L L |
282| S H E   |
283| S E A   |
284| S H E L |
285| L S   O |
286| N 0 0 0 |
287| 0 0 0 0 |
288| 0 0 0 0 |
289| 0 0 0 0 |
290| 0 0 0 0 |
291| 0 0 0 0 |
292| 0 0 0 0 |
293| 0 0 0 0 |
294| 0 0 0 0 |
295| 0 0 0 0 |
296| 0 0 0 0 |
297| 0 0 0 0 |
298| 0 0 0 0 |
299| 0 0 0 0 |
===ENDMEMORY==



